
2759	1529	5618	5462	4253	1585	9208	9970	4007	6109	5547	1024
2893	1163	662	1583	7351	9436	4311	2104	8672	854	2326	2531
846	2862	7859	454	1087	7018	9242	6380	1285	8151	9167	5967
5979	1800	6229	6675	1514	8837	5521	5153	4991	1544	1141	467
404	6018	1223	6053	7309	3872	4398	795	5992	3498	9371	6407
6794	1483	2528	1428	3844	8143	9500	8352	1608	3388	9419	853
5372	8093	4634	5634	6718	8794	958	5046	9265	7767	1190	4273
5888	1831	8637	6914	6461	824	6599	1922	5524	9492	5413	9787
5200	4784	2521	2404	4242	7431	3482	7282	9391	2012	9995	3924
9675	414	6954	8995	5567	4896	3313	3007	8595	975	5599	1953
5579	5521	408	2431	9467	3279	4773	816	4517	7510	2199	3261
6850	4996	3657	3969	5676	5069	3712	3485	5271	1936	3873	9766
5588	4429	1032	5103	6197	6673	763	902	7856	3864	2763	8683
185	1599	8567	6721	3900	6141	505	129	1814	3609	5127	6096
7452	4647	4367	9550	2156	7001	1817	6935	8535	9586	3572	5256
9039	899	4776	5795	3483	7653	9650	2165	1870	5305	6366	4355
3327	1210	4162	7396	5898	9877	3400	6461	9640	3464	5642	5332
6606	9429	4985	6232	3196	2603	9944	6751	3002	4250	5133	5246
610	7343	2474	9370	3991	7625	1223	3971	8558	5589	5001	4456
9043	9977	1439	594	6082	2078	1875	7795	3276	7035	7561	349
2210	8143	8926	4806	7026	7160	1140	4824	7960	1048	555	3956
6700	9420	7108	6447	3478	1514	8699	8529	7488	1209	2275	9785
5765	8647	9836	6762	7519	175	257	2148	4998	7282	9241	1892
698	7264	7932	3398	854	7382	8773	8500	247	8664	8586	2005
6944	8453	9396	7760	501	545	6760	16	7123	5527	8580	3879
7379	7924	4705	5792	4451	7241	4141	4672	7852	632	1393	6096
2636	2661	837	906	747	7874	8817	7060	8864	8142	8832	5693
9549	9504	4770	6691	3628	2321	2441	237	9127	5495	4213	8780
2765	1520	811	7039	7644	73	7025	7590	7230	629	8584	4694
6803	3055	200	9647	655	9979	9326	2921	5719	9048	8834	8969
1413	8551	8002	8371	7640	2469	8282	9873	2742	9906	8649	2342
7580	5930	844	1353	4027	8285	5425	2277	644	7257	736	9371
9190	6429	688	7272	2111	609	7761	5631	1536	7383	8802	5006
1966	5094	5829	4977	6638	5580	856	5239	8163	4695	3343	4482
9631	8161	591	5651	8768	2173	355	8044	1986	4097	4172	2201
8401	2873	5752	3135	8489	4352	9614	9754	4283	3512	7646	5384
2715	1160	3077	3723	7963	5533	9558	2059	7764	4374	5369	8293
1177	705	4404	1682	4933	8913	7791	4545	5466	9723	4566	3179
984	8883	9741	7443	5600	9348	8251	3501	8466	7660	4044	5208
9186	2699	125	6488	5658	5216	2486	5067	8238	8306	4405	1784
5277	7607	1807	450	2121	8714	4382	2454	2391	732	3331	1183
9033	7767	8514	3244	9455	8824	4322	9767	8411	5478	6635	9821
4015	5000	2210	3892	210	7964	8468	4097	3718	8940	5408	4695
5871	4034	5917	2210	6117	4287	3912	2541	3446	5763	4999	3496
2790	5481	2752	2723	4828	5139	472	1954	9978	6612	4473	8939
5554	853	373	2858	2707	9753	6126	1530	1681	1638	3394	7100
108	2578	3068	6599	9651	3290	3873	1879	7874	1758	7628	9061
9712	6862	1411	9952	1109	9739	5430	145	1655	3278	5357	9310
9156	4340	7432	1215	874	9769	1346	3765	3576	4218	6419	8006
3610	3052	8211	7780	6000	7056	6876	842	2438	927	2304	3535
5772	3388	9457	6934	1733	2585	4622	3560	8522	8014	9484	8277
6834	4421	1379	7510	743	2599	5850	3745	6618	1477	9051	358
3787	9069	3024	6585	5720	7381	3789	2309	9054	9363	954	4185
9685	3099	2692	8402	2950	3237	7657	4699	2394	1165	1308	7446
1341	3450	2872	6162	9222	8326	6676	4096	7683	3142	8988	5791
9453	9670	9025	552	9601	8358	2681	5682	8706	7196	5800	9464
8742	7559	4233	8140	6515	6591	9748	3436	7073	7582	34	9590
6731	395	6786	6059	2353	1478	3790	1570	4891	9137	6074	6821
2436	2307	2767	2992	80	5927	2762	1665	2126	7944	7625	5594
5466	6442	7570	1974	9865	7297	7443	9881	1302	9436	3022	9965
6992	4838	2247	4417	6149	8569	6968	940	4276	4471	6978	1550
9034	7285	9328	1232	2477	8460	8075	4091	914	1404	5887	5057
333	6641	4021	3398	1581	6776	887	1929	9256	3576	9259	4214
5978	4091	1256	2228	1014	5255	6929	9903	5475	7264	1432	5098
7857	7283	6934	5555	7760	2335	8684	758	5782	3828	86	8303
6949	3892	1550	1133	2948	1455	2107	8423	4043	5183	9603	3628
5386	3963	4611	8493	9053	5429	6860	6058	6193	7894	7203	4287
2348	7792	1291	5346	648	8570	8792	7306	6723	2229	8572	4783
4302	7375	7637	8760	7857	2044	1297	5719	2469	2663	467	4419
13	4087	9888	5178	4072	9827	5270	7158	6848	1187	9113	9322
4877	4039	1843	8044	1414	3921	6847	789	3891	1451	6775	2750
1049	8000	6186	1989	7050	5433	9811	4063	6032	5890	8509	424
5843	3343	6602	3415	9405	6063	9240	8798	4778	6371	400	8560
2213	254	3488	2959	4737	8740	5592	3087	9472	2189	2598	2069
5082	7892	571	1117	8735	1902	2998	7934	8554	9125	1517	2497
2330	921	3928	956	8634	3884	2010	3916	7578	645	7197	3476
9691	4206	4975	2587	3504	9908	7253	8510	8947	844	3011	4610
448	5854	6026	5668	993	5563	8259	6934	488	5545	4840	9765
4444	4587	979	9080	2667	2139	8027	3336	4237	3969	2408	9242
2029	2940	6633	7845	5383	375	8157	161	6023	2503	9683	1078
2955	8717	2030	5627	6475	3983	4638	9762	3445	347	6436	396
9845	9033	548	3321	6584	728	9603	7882	6182	6660	8954	8006
3686	5227	6922	9323	7225	1402	8086	7901	293	5808	5366	6556
2155	6941	5224	6212	1599	599	4014	6063	8058	5007	2360	674
7606	9479	6019	5093	2291	3208	2573	8782	9749	7549	7281	1519
7487	2535	6074	2715	6502	6122	2729	5912	1721	8959	6193	5015
4125	9981	9650	7857	1647	2567	6098	8013	7262	260	9880	8209
6263	8578	41	5415	8458	8413	2078	7358	4146	6855	1481	729
7498	9817	8477	5522	4076	1224	3163	1569	3809	3375	6834	1127
3851	2457	2369	6391	1151	5994	1571	399	178	4862	2191	6172
5645	1029	2237	667	8998	551	4917	7407	4680	434	6754	1504
9668	7851	5661	7625	9315	2506	3913	1868	2667	9138	8570	9443
1462	2404	5438	1006	1368	6017	6409	7690	3575	4798	4243	8087
4088	8402	9375	4875	1777	3992	7444	4326	2666	4255	9883	7320
182	556	9866	9374	1469	6847	6322	6122	4013	1197	8587	7108
832	980	8789	6707	7150	8867	8714	382	7243	428	1522	109
9023	5847	4531	1023	8198	3629	9385	7612	3189	8015	1342	3853
825	3859	9360	1359	2453	884	5272	5049	5514	336	2010	2291
588	1674	3313	3321	9628	4788	7296	6194	912	6988	4288	5698
9736	7201	8221	2719	7446	2207	308	1878	2410	1263	6437	7056
5394	9950	9755	7361	8088	2678	1290	3311	6281	4344	2954	2289
4120	3205	3343	3467	8542	850	4839	5790	3436	9888	2835	534
8107	5740	7933	7438	4025	1461	1819	5976	3617	845	109	5212
9002	8348	5032	4174	7373	9634	3136	7245	9087	4971	9316	5244
7953	5767	3297	5855	8899	1261	4543	6732	9869	6619	5210	300
2871	6792	2899	2262	5076	8962	344	5552	7311	8434	1794	1473
3940	4964	138	4030	2384	831	5513	6063	1496	535	9840	628
9600	2113	6620	3487	6995	4629	4709	5671	6057	9945	2450	2628
335	516	9981	409	6748	6596	476	8777	8385	488	3959	7688
2011	6825	315	4401	2997	4512	968	6355	9742	1160	214	6244
7237	4493	3207	7366	5167	4388	3861	8250	4495	2527	1678	8091
1114	4637	5819	4971	4654	6866	1	2506	6873	3400	4857	5382
6868	6800	5845	1786	9258	2644	1808	1702	6837	1436	9889	478
8617	9512	8711	7148	4730	2926	910	4314	6379	5794	9706	6136
634	1726	2344	8843	3127	7331	5108	181	1681	3355	5754	2285
3421	4852	6318	5070	9144	3208	8568	4232	7085	1905	441	814
8087	2379	1711	8655	124	3898	7122	9998	6033	6022	71	7680
3325	3058	7895	7482	7586	8033	9968	7732	8416	6928	6705	7303
5814	6914	7437	3161	6097	6687	6556	7586	3073	1427	3930	1588
1821	5485	6107	6068	6105	9857	7820	6311	6056	9419	8491	1913
7940	8171	5209	5938	6768	8454	5757	5048	3410	8646	1398	4907
8756	7120	9057	1456	2615	2775	1711	3656	4407	7549	3664	885
2315	9276	1885	2311	8741	5532	9467	678	7280	4212	2553	1307
7516	7473	8008	224	620	8810	6272	3467	8325	5932	2768	7191
619	8744	2658	8591	9061	4122	7997	695	6064	2216	2702	6982
5043	8787	4962	9543	4750	3518	3730	6478	3684	5674	6643	8193
4684	5467	9834	4149	2204	1227	3812	5431	7309	9273	4808	483
5422	1520	7968	5495	4964	6842	6558	7944	6544	221	7942	9490
2463	3689	2277	2426	2428	8470	7180	7000	1850	9903	7182	1974
4075	928	8315	7592	7024	2840	7928	7293	4016	1039	7557	1064
5689	2834	4765	5168	4588	1129	6549	9276	5404	81	4063	7685
9174	1638	2196	123	3306	6070	5698	3457	1840	1993	4047	8099
6413	5211	1609	84	4088	3292	7526	8987	7097	6115	3127	5760
7496	393	2013	2241	2792	1060	2322	7551	6640	7105	1333	1373
4509	7945	255	1375	7208	4301	7072	4395	2755	2355	4694	3797
9948	283	2526	5270	7783	472	1557	4384	4129	4925	3379	2255
8345	7967	4501	3528	9418	9211	955	3427	7325	8086	6304	1889
1202	9550	9698	7950	4294	4575	7250	2784	4015	9855	6733	6231
1928	8500	9317	7797	50	6773	8	7176	5656	8056	8872	9038
1724	7116	9723	9511	794	1960	8062	4141	2370	9558	2209	4847
3524	9143	718	5528	5124	393	2487	1766	5001	9913	4336	6858
4862	5045	3284	5550	6086	2890	3854	8122	9930	208	7958	8242
1203	9786	2052	6057	2454	4072	9396	4006	6738	5785	624	4769
8802	3032	1302	1841	6598	8731	1348	1811	810	8217	2762	4514
5913	9966	3058	6734	11	4482	4186	2275	7807	3636	3516	6566
1634	8926	6370	5790	3799	5530	324	3721	5195	2512	4562	9857
2914	8537	8563	429	8615	6438	5813	5153	9130	2179	8066	4783
9467	5150	4812	6341	1519	1371	2288	1610	7286	2090	5771	7249
4538	5298	9620	3306	3669	8365	4084	7123	919	6870	8966	7111
5351	3340	7579	9470	6980	6900	8071	1366	2200	8036	8055	9381
3215	8595	5728	1896	8931	4463	4201	7306	4176	9442	7131	2073
4182	7132	5855	1184	8063	8551	7296	6959	9326	7446	1292	208
4456	9611	6817	9277	9603	4981	8452	2302	6964	6965	8485	8950
3289	8132	4114	8974	3954	3363	3340	6194	9704	1329	2329	5184
2492	1249	2927	8112	4994	3313	6502	3111	2080	1193	564	25
7609	4352	1879	9241	6738	9762	7258	9139	5970	6908	5402	6336
4305	1208	7833	4998	8589	9583	2560	5186	4645	6724	1136	2170
1185	398	2804	2782	2785	727	9787	3674	5965	2234	4913	3424
1874	5389	4322	1759	7557	3615	9022	3582	1833	8754	4675	5785
4348	5583	4183	6277	8732	9674	6261	5437	4124	7924	4551	2732
5234	5257	2608	9126	8430	974	9660	9236	9895	652	7317	8131
180	2470	8777	7997	8026	9231	2701	2965	175	471	7219	123
3960	260	302	4804	7902	596	2019	8911	6725	2643	9485	4007
4022	2421	4702	7878	1282	6922	8207	2693	4044	2906	3765	3769
4979	3929	9953	6661	9426	1264	4227	1785	9259	3194	9508	4882
3177	4836	2926	7195	1405	7784	503	448	6762	7265	9964	8707
1046	637	3822	5146	5480	6754	7429	5330
