1 1 2 2 2 
2 3 3 3 4 
5 7 7 8 8 
8 9 9 9 9 
10 10 11 11 12 
13 15 16 17 18 
18 19 19 19 21 
21 23 23 24 25 
25 25 26 26 26 
26 26 26 26 27 
27 28 29 29 29 
29 30 30 31 31 
33 34 34 34 34 
34 35 36 37 38 
38 40 41 41 41 
42 42 43 43 44 
44 45 45 45 46 
46 47 47 48 48 
48 48 49 50 50 
52 53 54 56 57 
57 58 60 61 61 
61 61 62 62 63 
63 63 64 64 64 
65 65 67 67 67 
68 68 68 70 70 
70 70 71 71 72 
72 73 73 73 74 
75 75 76 76 76 
78 80 80 80 80 
80 81 81 82 82 
82 84 86 86 88 
90 90 93 94 95 
96 96 96 96 99 
101 102 104 104 105 
107 108 108 108 108 
108 109 109 110 111 
111 111 112 112 113 
114 115 115 115 116 
116 118 118 118 118 
119 120 120 120 121 
122 123 123 123 123 
124 125 125 125 125 
126 127 127 127 128 
128 129 131 132 133 
133 133 134 135 135 
136 137 138 138 139 
139 140 141 141 142 
142 142 143 145 146 
146 147 149 150 151 
152 153 153 154 154 
155 155 155 156 156 
157 158 158 158 159 
159 160 160 160 161 
161 162 163 163 164 
164 165 165 165 166 
166 166 167 169 169 
169 170 170 170 171 
171 172 173 174 175 
175 177 177 178 178 
178 179 179 180 181 
181 182 182 182 182 
182 182 182 183 183 
184 185 185 185 188 
188 189 192 193 193 
193 198 199 199 200 
200 201 201 202 202 
202 204 204 204 205 
206 207 207 208 208 
208 209 210 211 211 
211 212 213 213 214 
215 216 216 217 217 
217 218 218 219 219 
221 221 222 222 223 
223 224 225 226 226 
227 228 228 229 230 
231 231 231 232 233 
234 234 235 236 237 
237 237 238 238 238 
238 240 240 240 241 
241 241 244 244 244 
247 248 248 248 249 
249 250 250 252 252 
252 253 254 254 254 
254 255 255 255 257 
257 257 258 260 260 
260 260 261 261 264 
264 264 265 265 265 
266 267 268 268 269 
269 269 270 271 272 
272 272 272 276 277 
277 278 278 278 278 
279 280 280 280 281 
281 282 282 282 282 
282 283 285 285 287 
287 287 289 290 291 
291 292 293 293 293 
294 294 295 295 295 
296 296 296 299 299 
300 300 301 302 302 
303 305 305 305 306 
307 308 308 309 309 
310 310 311 311 311 
312 312 313 313 313 
314 315 315 316 317 
318 318 318 318 319 
321 321 322 323 324 
324 324 325 325 326 
327 328 328 328 329 
330 331 331 332 332 
332 333 333 333 333 
334 334 335 335 336 
336 336 338 338 340 
340 341 341 343 343 
344 344 345 345 346 
347 347 347 347 349 
351 351 352 352 352 
352 353 353 354 355 
356 358 358 358 358 
358 359 359 359 360 
361 363 364 365 366 
366 367 367 367 367 
368 368 368 369 370 
371 372 372 372 373 
374 374 375 375 376 
376 376 378 378 379 
379 381 382 382 382 
382 383 383 384 384 
386 386 387 388 390 
390 390 391 391 392 
393 393 393 393 394 
394 395 395 396 396 
396 396 396 397 397 
397 398 398 398 398 
398 398 399 399 399 
400 401 402 402 402 
403 404 405 406 407 
407 407 408 408 409 
409 410 410 411 411 
411 411 411 412 412 
413 414 414 414 416 
417 417 418 418 419 
419 419 419 420 421 
422 422 423 423 424 
424 425 426 426 426 
428 428 428 428 428 
429 429 432 433 433 
433 434 434 434 435 
435 436 436 437 438 
438 438 440 440 441 
441 441 442 443 443 
444 444 445 446 446 
446 446 448 448 449 
449 449 449 450 450 
450 453 454 454 454 
454 455 455 455 457 
458 458 458 458 458 
458 460 460 461 461 
462 462 464 464 464 
465 465 465 465 466 
466 467 467 467 467 
468 470 470 471 471 
472 472 472 473 473 
473 474 474 475 475 
475 476 476 476 476 
478 478 478 479 479 
480 481 481 482 483 
483 484 484 484 485 
486 487 488 488 488 
488 488 489 490 490 
490 490 490 490 491 
493 493 493 494 494 
496 496 496 497 497 
497 500 500 501 501 
501 502 502 503 503 
503 503 503 504 504 
505 505 505 506 509 
509 511 512 512 513 
513 515 516 516 516 
517 518 519 519 520 
520 529 529 529 529 
530 530 530 531 532 
532 532 533 533 533 
534 534 534 535 535 
537 539 541 541 541 
541 542 543 545 545 
546 546 547 547 548 
548 549 549 550 551 
552 552 553 554 554 
554 554 554 554 555 
555 556 556 556 556 
557 557 558 559 559 
560 562 563 564 564 
564 564 564 564 566 
566 567 568 569 569 
569 570 571 572 572 
572 572 573 574 574 
574 574 575 576 576 
576 576 577 577 577 
578 579 580 580 580 
581 581 581 581 582 
582 585 585 586 587 
587 587 587 588 588 
588 590 591 591 592 
592 592 593 593 593 
594 595 596 596 596 
597 598 598 599 599 
600 600 601 602 603 
603 605 605 606 606 
606 606 607 607 609 
609 609 610 610 610 
611 611 611 612 612 
613 613 614 616 617 
617 617 617 617 618 
619 620 620 622 623 
623 624 624 624 624 
625 625 627 627 628 
628 628 629 629 631 
631 631 632 634 634 
634 635 635 635 636 
636 637 637 637 637 
638 639 639 641 641 
642 642 644 644 645 
645 646 647 648 648 
649 651 651 652 652 
652 652 653 654 654 
655 655 655 656 656 
656 656 656 656 656 
657 658 659 659 660 
660 662 665 665 665 
666 666 666 666 666 
667 667 667 667 667 
668 668 668 668 671 
673 673 674 674 675 
676 676 676 676 677 
677 677 678 678 679 
680 681 683 683 683 
684 684 685 685 685 
688 688 688 688 689 
691 691 692 692 693 
693 693 693 694 695 
695 696 696 698 698 
698 699 699 699 699 
700 700 700 700 700 
702 704 705 705 706 
706 706 707 707 708 
708 709 709 710 710 
711 711 712 714 714 
714 715 715 715 716 
716 717 718 718 718 
719 719 720 720 721 
722 722 723 724 725 
725 725 726 726 726 
726 727 727 727 727 
728 729 729 729 730 
731 731 731 732 733 
734 734 735 735 735 
736 736 736 738 739 
740 740 742 743 743 
744 744 745 747 747 
747 747 748 750 750 
751 751 751 755 755 
755 756 756 756 758 
758 759 760 761 762 
763 764 765 765 765 
767 767 768 772 773 
774 775 777 778 779 
780 781 781 781 782 
783 783 785 785 788 
789 789 789 789 790 
792 794 794 795 795 
796 796 796 796 797 
797 798 798 799 799 
800 800 800 801 802 
802 802 802 803 803 
804 804 805 806 806 
807 807 808 809 809 
809 809 809 810 810 
810 811 813 813 814 
815 816 816 816 817 
817 818 818 819 819 
821 821 821 823 824 
824 824 825 826 826 
828 829 829 830 831 
831 832 832 833 835 
835 836 836 836 837 
838 838 839 839 839 
840 841 842 842 842 
844 844 844 844 845 
845 846 846 847 847 
847 848 849 849 850 
850 850 851 851 851 
852 852 852 853 853 
853 853 854 854 854 
854 855 855 856 856 
856 856 856 858 858 
859 863 863 864 864 
864 865 867 868 869 
871 872 873 873 874 
874 874 874 875 875 
876 878 878 878 878 
878 878 880 880 880 
882 882 883 884 884 
885 885 886 886 886 
887 888 888 888 888 
888 890 890 891 892 
893 893 894 894 895 
897 897 897 897 899 
900 900 902 902 902 
903 903 905 905 905 
905 905 906 906 907 
907 908 908 908 909 
909 910 911 911 912 
913 914 914 914 915 
915 916 917 918 919 
919 919 919 920 920 
921 921 923 924 924 
924 925 926 927 927 
927 927 928 930 930 
932 933 934 935 935 
935 936 936 936 937 
937 937 937 937 937 
938 938 938 939 940 
940 941 944 944 944 
945 945 945 946 948 
948 949 949 949 950 
951 951 951 951 952 
952 953 953 954 954 
954 954 955 955 956 
956 956 957 958 958 
961 962 963 964 964 
965 967 967 967 968 
968 969 970 970 971 
971 972 972 973 973 
973 974 975 975 976 
977 977 978 978 979 
979 980 980 980 980 
981 981 982 984 984 
984 985 985 986 986 
986 987 987 987 987 
988 988 988 990 990 
990 990 991 992 992 
993 993 993 993 995 
995 997 997 997 997 
998 998 998 1000 1000 
1001 1002 1004 1004 1006 
1006 1006 1007 1007 1008 
1009 1012 1012 1012 1012 
1013 1014 1014 1015 1016 
1016 1016 1017 1017 1018 
1018 1019 1020 1020 1021 
1021 1021 1021 1021 1021 
1021 1022 1022 1022 1023 
1023 1023 1024 1025 1025 
1026 1028 1029 1029 1029 
1031 1031 1031 1032 1032 
1032 1032 1034 1035 1035 
1035 1035 1038 1038 1039 
1040 1041 1042 1042 1043 
1045 1046 1046 1047 1047 
1047 1048 1048 1048 1049 
1049 1050 1052 1052 1053 
1053 1054 1055 1055 1056 
1056 1056 1057 1057 1057 
1057 1058 1059 1060 1060 
1061 1061 1061 1062 1062 
1063 1063 1064 1065 1066 
1066 1066 1067 1067 1067 
1067 1069 1069 1071 1071 
1071 1072 1072 1074 1076 
1076 1076 1076 1077 1077 
1077 1078 1078 1079 1079 
1079 1079 1079 1081 1081 
1082 1083 1084 1085 1085 
1085 1085 1086 1087 1087 
1087 1087 1087 1087 1088 
1089 1089 1089 1089 1089 
1089 1090 1090 1090 1090 
1092 1092 1092 1093 1094 
1094 1094 1094 1095 1095 
1095 1095 1096 1097 1097 
1098 1099 1099 1099 1099 
1100 1104 1104 1105 1105 
1105 1106 1106 1106 1106 
1107 1107 1107 1109 1109 
1110 1111 1111 1112 1112 
1114 1114 1114 1115 1115 
1116 1117 1117 1117 1117 
1118 1119 1120 1120 1120 
1120 1121 1121 1122 1123 
1124 1124 1125 1125 1125 
1125 1126 1126 1126 1127 
1127 1127 1127 1129 1129 
1130 1130 1131 1131 1131 
1131 1132 1132 1133 1133 
1133 1133 1136 1138 1139 
1139 1140 1141 1141 1141 
1141 1142 1142 1143 1144 
1144 1145 1146 1146 1148 
1149 1149 1150 1150 1150 
1151 1151 1151 1152 1153 
1154 1155 1156 1157 1158 
1158 1159 1160 1160 1161 
1162 1162 1162 1162 1163 
1163 1163 1163 1164 1165 
1165 1165 1165 1165 1166 
1166 1166 1166 1167 1167 
1167 1168 1171 1171 1172 
1172 1172 1174 1174 1174 
1177 1178 1180 1181 1182 
1183 1184 1184 1185 1185 
1186 1187 1187 1187 1187 
1187 1187 1188 1189 1190 
1190 1191 1192 1193 1193 
1194 1195 1195 1195 1195 
1197 1197 1197 1198 1198 
1199 1199 1199 1200 1200 
1201 1201 1202 1202 1202 
1203 1203 1204 1204 1205 
1205 1206 1206 1206 1206 
1207 1207 1208 1208 1209 
1209 1210 1211 1211 1211 
1212 1212 1214 1215 1216 
1216 1216 1217 1217 1218 
1218 1219 1219 1221 1221 
1222 1222 1222 1222 1223 
1223 1223 1224 1224 1224 
1224 1224 1226 1226 1227 
1227 1227 1228 1231 1231 
1231 1232 1232 1233 1233 
1235 1235 1237 1238 1238 
1239 1239 1240 1240 1240 
1241 1241 1241 1242 1243 
1243 1244 1246 1246 1246 
1246 1247 1247 1248 1249 
1249 1250 1252 1255 1255 
1255 1256 1256 1256 1257 
1257 1257 1257 1258 1258 
1258 1260 1261 1261 1261 
1261 1261 1262 1263 1264 
1264 1264 1264 1264 1265 
1266 1266 1268 1269 1269 
1270 1271 1272 1272 1273 
1273 1274 1275 1276 1278 
1278 1278 1279 1281 1281 
1282 1282 1282 1282 1282 
1283 1284 1284 1284 1285 
1285 1285 1286 1287 1287 
1287 1287 1288 1290 1291 
1291 1291 1292 1292 1293 
1293 1294 1294 1295 1295 
1296 1297 1297 1298 1298 
1298 1299 1300 1302 1302 
1302 1302 1302 1303 1304 
1305 1306 1307 1308 1308 
1309 1309 1311 1311 1312 
1312 1315 1315 1316 1317 
1320 1320 1320 1321 1322 
1323 1323 1323 1324 1324 
1324 1324 1325 1325 1325 
1327 1328 1328 1329 1329 
1329 1329 1330 1331 1332 
1332 1333 1334 1336 1336 
1336 1336 1337 1338 1338 
1340 1340 1341 1341 1342 
1342 1343 1343 1343 1343 
1344 1345 1346 1346 1346 
1346 1346 1346 1347 1347 
1348 1348 1349 1349 1349 
1351 1351 1351 1351 1352 
1353 1353 1354 1354 1355 
1355 1355 1356 1356 1357 
1357 1358 1358 1358 1358 
1359 1359 1360 1361 1362 
1363 1363 1364 1366 1367 
1368 1368 1368 1370 1371 
1371 1371 1372 1372 1373 
1373 1374 1374 1374 1375 
1375 1376 1378 1379 1379 
1379 1379 1379 1380 1381 
1381 1382 1382 1383 1384 
1384 1386 1387 1387 1387 
1387 1388 1388 1388 1390 
1390 1390 1390 1392 1393 
1393 1394 1394 1396 1398 
1398 1399 1400 1402 1403 
1404 1404 1404 1404 1404 
1405 1405 1406 1407 1408 
1408 1409 1409 1410 1410 
1410 1411 1412 1413 1413 
1414 1414 1415 1417 1417 
1417 1417 1419 1421 1423 
1424 1425 1426 1426 1426 
1427 1427 1428 1429 1430 
1430 1432 1432 1433 1434 
1435 1435 1436 1436 1438 
1439 1440 1442 1442 1443 
1443 1445 1445 1446 1446 
1446 1447 1447 1448 1448 
1448 1449 1449 1449 1450 
1450 1450 1451 1451 1451 
1452 1452 1453 1454 1454 
1454 1455 1456 1456 1456 
1457 1459 1459 1459 1461 
1461 1461 1461 1462 1462 
1462 1462 1463 1463 1464 
1464 1465 1465 1466 1466 
1467 1467 1467 1468 1469 
1471 1471 1471 1472 1472 
1473 1473 1474 1474 1474 
1475 1476 1476 1476 1476 
1477 1477 1478 1479 1480 
1481 1481 1482 1482 1483 
1483 1483 1483 1484 1484 
1484 1484 1485 1485 1485 
1485 1486 1486 1487 1487 
1488 1488 1489 1492 1493 
1494 1494 1494 1494 1495 
1496 1496 1496 1496 1497 
1498 1499 1500 1501 1501 
1501 1502 1502 1504 1504 
1504 1506 1506 1508 1508 
1508 1510 1511 1511 1512 
1513 1513 1513 1513 1514 
1514 1515 1517 1518 1519 
1519 1519 1519 1520 1520 
1521 1521 1521 1521 1522 
1522 1523 1525 1525 1526 
1526 1526 1529 1530 1530 
1531 1532 1533 1535 1535 
1536 1536 1537 1537 1538 
1538 1543 1543 1544 1545 
1545 1545 1545 1546 1546 
1547 1548 1548 1549 1550 
1550 1552 1553 1554 1557 
1557 1557 1558 1558 1558 
1560 1562 1563 1563 1564 
1564 1564 1568 1568 1569 
1569 1570 1570 1570 1570 
1571 1572 1572 1573 1573 
1573 1574 1574 1576 1577 
1578 1578 1579 1579 1579 
1580 1580 1580 1581 1581 
1581 1583 1583 1583 1583 
1584 1584 1584 1584 1585 
1585 1585 1586 1586 1586 
1587 1587 1587 1588 1588 
1588 1589 1591 1592 1593 
1593 1593 1593 1594 1594 
1594 1594 1595 1596 1596 
1599 1599 1599 1599 1599 
1600 1600 1600 1600 1600 
1601 1601 1602 1602 1602 
1603 1603 1603 1603 1603 
1604 1604 1604 1606 1608 
1609 1609 1609 1609 1610 
1610 1611 1612 1612 1614 
1616 1618 1619 1621 1621 
1622 1623 1623 1623 1624 
1625 1625 1626 1626 1626 
1627 1631 1631 1631 1632 
1633 1634 1635 1636 1636 
1636 1636 1638 1638 1638 
1638 1638 1639 1640 1642 
1642 1643 1643 1643 1644 
1646 1646 1647 1647 1647 
1648 1649 1649 1650 1650 
1650 1650 1650 1651 1652 
1653 1653 1654 1655 1655 
1656 1656 1656 1658 1658 
1659 1659 1659 1661 1661 
1662 1662 1664 1665 1665 
1666 1666 1666 1667 1668 
1669 1672 1672 1672 1674 
1674 1676 1676 1678 1678 
1678 1678 1679 1679 1680 
1681 1681 1682 1682 1682 
1684 1684 1685 1686 1686 
1686 1686 1687 1688 1689 
1689 1690 1690 1690 1690 
1691 1691 1691 1693 1693 
1694 1695 1696 1696 1698 
1698 1699 1699 1700 1702 
1703 1704 1704 1705 1705 
1708 1708 1709 1709 1710 
1711 1711 1711 1711 1712 
1712 1712 1714 1714 1714 
1714 1715 1716 1716 1717 
1717 1720 1720 1721 1721 
1723 1723 1724 1724 1724 
1724 1724 1724 1726 1727 
1729 1730 1731 1731 1732 
1732 1732 1733 1733 1733 
1735 1735 1736 1736 1738 
1740 1743 1744 1744 1746 
1747 1748 1748 1749 1749 
1749 1752 1753 1753 1753 
1753 1754 1756 1757 1758 
1759 1761 1761 1762 1762 
1762 1763 1763 1763 1763 
1765 1766 1766 1767 1767 
1767 1767 1768 1769 1769 
1771 1772 1772 1773 1773 
1774 1774 1774 1775 1775 
1775 1776 1777 1779 1779 
1780 1780 1781 1781 1781 
1782 1782 1782 1783 1783 
1784 1784 1785 1785 1786 
1786 1786 1788 1789 1792 
1793 1793 1793 1793 1794 
1795 1796 1797 1797 1797 
1798 1798 1799 1800 1800 
1801 1803 1805 1805 1806 
1807 1808 1808 1808 1809 
1809 1810 1811 1811 1811 
1811 1811 1812 1812 1812 
1813 1814 1814 1814 1814 
1815 1815 1815 1816 1816 
1816 1816 1816 1816 1817 
1818 1818 1818 1819 1820 
1820 1820 1821 1822 1823 
1825 1826 1826 1827 1827 
1828 1828 1828 1829 1830 
1831 1831 1831 1833 1834 
1834 1835 1837 1837 1839 
1840 1840 1840 1841 1841 
1841 1842 1843 1843 1843 
1843 1844 1844 1844 1845 
1845 1846 1847 1847 1848 
1848 1849 1849 1849 1850 
1850 1850 1851 1851 1851 
1856 1857 1857 1857 1859 
1859 1859 1860 1861 1862 
1862 1865 1866 1866 1866 
1866 1866 1868 1869 1870 
1870 1870 1870 1871 1872 
1872 1872 1873 1873 1874 
1874 1874 1874 1875 1875 
1875 1875 1875 1875 1876 
1876 1878 1878 1878 1879 
1879 1880 1881 1881 1883 
1884 1884 1884 1885 1885 
1885 1886 1886 1887 1887 
1888 1889 1889 1889 1890 
1891 1891 1892 1892 1893 
1895 1895 1896 1896 1896 
1897 1897 1898 1899 1901 
1901 1902 1902 1902 1903 
1903 1904 1905 1905 1905 
1906 1906 1906 1906 1908 
1908 1909 1909 1909 1909 
1910 1910 1910 1911 1911 
1913 1915 1919 1919 1919 
1920 1920 1921 1921 1922 
1922 1922 1923 1923 1925 
1926 1927 1927 1928 1929 
1930 1930 1930 1932 1932 
1932 1932 1933 1935 1935 
1936 1937 1939 1939 1939 
1939 1939 1940 1940 1941 
1941 1943 1943 1943 1944 
1944 1946 1947 1947 1948 
1948 1949 1950 1951 1951 
1951 1952 1952 1953 1953 
1953 1954 1954 1954 1955 
1955 1955 1956 1957 1958 
1960 1960 1960 1962 1963 
1963 1965 1966 1967 1968 
1968 1969 1969 1970 1973 
1974 1974 1974 1975 1975 
1976 1977 1977 1977 1978 
1978 1978 1978 1979 1983 
1984 1985 1985 1986 1986 
1986 1986 1986 1986 1987 
1988 1988 1989 1989 1989 
1989 1990 1990 1991 1991 
1992 1993 1993 1993 1994 
1994 1994 1994 1995 1995 
1996 1996 1996 1997 1998 
1998 1998 2005 2010 2010 
2011 2012 2013 2019 2029 
2030 2044 2052 2059 2069 
2073 2078 2078 2080 2090 
2104 2107 2111 2113 2121 
2126 2139 2148 2155 2156 
2165 2170 2173 2179 2189 
2191 2196 2199 2200 2201 
2204 2207 2209 2210 2210 
2210 2213 2216 2228 2229 
2234 2237 2241 2247 2255 
2262 2275 2275 2277 2277 
2285 2288 2289 2291 2291 
2302 2304 2307 2309 2311 
2315 2321 2322 2326 2329 
2330 2335 2342 2344 2348 
2353 2355 2360 2369 2370 
2379 2384 2391 2394 2404 
2404 2408 2410 2421 2426 
2428 2431 2436 2438 2441 
2450 2453 2454 2454 2457 
2463 2469 2469 2470 2474 
2477 2486 2487 2492 2497 
2503 2506 2506 2512 2521 
2526 2527 2528 2531 2535 
2541 2553 2560 2567 2573 
2578 2585 2587 2598 2599 
2603 2608 2615 2628 2636 
2643 2644 2658 2661 2663 
2666 2667 2667 2678 2681 
2692 2693 2699 2701 2702 
2707 2715 2715 2719 2723 
2729 2732 2742 2750 2752 
2755 2759 2762 2762 2763 
2765 2767 2768 2775 2782 
2784 2785 2790 2792 2804 
2834 2835 2840 2858 2862 
2871 2872 2873 2890 2893 
2899 2906 2914 2921 2926 
2926 2927 2940 2948 2950 
2954 2955 2959 2965 2992 
2997 2998 3002 3007 3011 
3022 3024 3032 3052 3055 
3058 3058 3068 3073 3077 
3087 3099 3111 3127 3127 
3135 3136 3142 3161 3163 
3177 3179 3189 3194 3196 
3205 3207 3208 3208 3215 
3237 3244 3261 3276 3278 
3279 3284 3289 3290 3292 
3297 3306 3306 3311 3313 
3313 3313 3321 3321 3325 
3327 3331 3336 3340 3340 
3343 3343 3343 3355 3363 
3375 3379 3388 3388 3394 
3398 3398 3400 3400 3410 
3415 3421 3424 3427 3436 
3436 3445 3446 3450 3457 
3464 3467 3467 3476 3478 
3482 3483 3485 3487 3488 
3496 3498 3501 3504 3512 
3516 3518 3524 3528 3535 
3560 3572 3575 3576 3576 
3582 3609 3610 3615 3617 
3628 3628 3629 3636 3656 
3657 3664 3669 3674 3684 
3686 3689 3712 3718 3721 
3723 3730 3745 3765 3765 
3769 3787 3789 3790 3797 
3799 3809 3812 3822 3828 
3844 3851 3853 3854 3859 
3861 3864 3872 3873 3873 
3879 3884 3891 3892 3892 
3898 3900 3912 3913 3916 
3921 3924 3928 3929 3930 
3940 3954 3956 3959 3960 
3963 3969 3969 3971 3983 
3991 3992 4006 4007 4007 
4013 4014 4015 4015 4016 
4021 4022 4025 4027 4030 
4034 4039 4043 4044 4044 
4047 4063 4063 4072 4072 
4075 4076 4084 4087 4088 
4088 4091 4091 4096 4097 
4097 4114 4120 4122 4124 
4125 4129 4141 4141 4146 
4149 4162 4172 4174 4176 
4182 4183 4185 4186 4201 
4206 4212 4213 4214 4218 
4227 4232 4233 4237 4242 
4243 4250 4253 4255 4273 
4276 4283 4287 4287 4288 
4294 4301 4302 4305 4311 
4314 4322 4322 4326 4336 
4340 4344 4348 4352 4352 
4355 4367 4374 4382 4384 
4388 4395 4398 4401 4404 
4405 4407 4417 4419 4421 
4429 4444 4451 4456 4456 
4463 4471 4473 4482 4482 
4493 4495 4501 4509 4512 
4514 4517 4531 4538 4543 
4545 4551 4562 4566 4575 
4587 4588 4610 4611 4622 
4629 4634 4637 4638 4645 
4647 4654 4672 4675 4680 
4684 4694 4694 4695 4695 
4699 4702 4705 4709 4730 
4737 4750 4765 4769 4770 
4773 4776 4778 4783 4783 
4784 4788 4798 4804 4806 
4808 4812 4824 4828 4836 
4838 4839 4840 4847 4852 
4857 4862 4862 4875 4877 
4882 4891 4896 4907 4913 
4917 4925 4933 4962 4964 
4964 4971 4971 4975 4977 
4979 4981 4985 4991 4994 
4996 4998 4998 4999 5000 
5001 5001 5006 5007 5015 
5032 5043 5045 5046 5048 
5049 5057 5067 5069 5070 
5076 5082 5093 5094 5098 
5103 5108 5124 5127 5133 
5139 5146 5150 5153 5153 
5167 5168 5178 5183 5184 
5186 5195 5200 5208 5209 
5210 5211 5212 5216 5224 
5227 5234 5239 5244 5246 
5255 5256 5257 5270 5270 
5271 5272 5277 5298 5305 
5330 5332 5346 5351 5357 
5366 5369 5372 5382 5383 
5384 5386 5389 5394 5402 
5404 5408 5413 5415 5422 
5425 5429 5430 5431 5433 
5437 5438 5462 5466 5466 
5467 5475 5478 5480 5481 
5485 5495 5495 5513 5514 
5521 5521 5522 5524 5527 
5528 5530 5532 5533 5545 
5547 5550 5552 5554 5555 
5563 5567 5579 5580 5583 
5588 5589 5592 5594 5599 
5600 5618 5627 5631 5634 
5642 5645 5651 5656 5658 
5661 5668 5671 5674 5676 
5682 5689 5693 5698 5698 
5719 5719 5720 5728 5740 
5752 5754 5757 5760 5763 
5765 5767 5771 5772 5782 
5785 5785 5790 5790 5791 
5792 5794 5795 5800 5808 
5813 5814 5819 5829 5843 
5845 5847 5850 5854 5855 
5855 5871 5887 5888 5890 
5898 5912 5913 5917 5927 
5930 5932 5938 5965 5967 
5970 5976 5978 5979 5992 
5994 6000 6017 6018 6019 
6022 6023 6026 6032 6033 
6053 6056 6057 6057 6058 
6059 6063 6063 6063 6064 
6068 6070 6074 6074 6082 
6086 6096 6096 6097 6098 
6105 6107 6109 6115 6117 
6122 6122 6126 6136 6141 
6149 6162 6172 6182 6186 
6193 6193 6194 6194 6197 
6212 6229 6231 6232 6244 
6261 6263 6272 6277 6281 
6304 6311 6318 6322 6336 
6341 6355 6366 6370 6371 
6379 6380 6391 6407 6409 
6413 6419 6429 6436 6437 
6438 6442 6447 6461 6461 
6475 6478 6488 6502 6502 
6515 6544 6549 6556 6556 
6558 6566 6584 6585 6591 
6596 6598 6599 6599 6602 
6606 6612 6618 6619 6620 
6633 6635 6638 6640 6641 
6643 6660 6661 6673 6675 
6676 6687 6691 6700 6705 
6707 6718 6721 6723 6724 
6725 6731 6732 6733 6734 
6738 6738 6748 6751 6754 
6754 6760 6762 6762 6768 
6773 6775 6776 6786 6792 
6794 6800 6803 6817 6821 
6825 6834 6834 6837 6842 
6847 6847 6848 6850 6855 
6858 6860 6862 6866 6868 
6870 6873 6876 6900 6908 
6914 6914 6922 6922 6928 
6929 6934 6934 6934 6935 
6941 6944 6949 6954 6959 
6964 6965 6968 6978 6980 
6982 6988 6992 6995 7000 
7001 7018 7024 7025 7026 
7035 7039 7050 7056 7056 
7060 7072 7073 7085 7097 
7100 7105 7108 7108 7111 
7116 7120 7122 7123 7123 
7131 7132 7148 7150 7158 
7160 7176 7180 7182 7191 
7195 7196 7197 7201 7203 
7208 7219 7225 7230 7237 
7241 7243 7245 7249 7250 
7253 7257 7258 7262 7264 
7264 7265 7272 7280 7281 
7282 7282 7283 7285 7286 
7293 7296 7296 7297 7303 
7306 7306 7309 7309 7311 
7317 7320 7325 7331 7343 
7351 7358 7361 7366 7373 
7375 7379 7381 7382 7383 
7396 7407 7429 7431 7432 
7437 7438 7443 7443 7444 
7446 7446 7446 7452 7473 
7482 7487 7488 7496 7498 
7510 7510 7516 7519 7526 
7549 7549 7551 7557 7557 
7559 7561 7570 7578 7579 
7580 7582 7586 7586 7590 
7592 7606 7607 7609 7612 
7625 7625 7625 7628 7637 
7640 7644 7646 7653 7657 
7660 7680 7683 7685 7688 
7690 7732 7760 7760 7761 
7764 7767 7767 7780 7783 
7784 7791 7792 7795 7797 
7807 7820 7833 7845 7851 
7852 7856 7857 7857 7857 
7859 7874 7874 7878 7882 
7892 7894 7895 7901 7902 
7924 7924 7928 7932 7933 
7934 7940 7942 7944 7944 
7945 7950 7953 7958 7960 
7963 7964 7967 7968 7997 
7997 8000 8002 8006 8006 
8008 8013 8014 8015 8026 
8027 8033 8036 8044 8044 
8055 8056 8058 8062 8063 
8066 8071 8075 8086 8086 
8087 8087 8088 8091 8093 
8099 8107 8112 8122 8131 
8132 8140 8142 8143 8143 
8151 8157 8161 8163 8171 
8193 8198 8207 8209 8211 
8217 8221 8238 8242 8250 
8251 8259 8277 8282 8285 
8293 8303 8306 8315 8325 
8326 8345 8348 8352 8358 
8365 8371 8385 8401 8402 
8402 8411 8413 8416 8423 
8430 8434 8452 8453 8454 
8458 8460 8466 8468 8470 
8477 8485 8489 8491 8493 
8500 8500 8509 8510 8514 
8522 8529 8535 8537 8542 
8551 8551 8554 8558 8560 
8563 8567 8568 8569 8570 
8570 8572 8578 8580 8584 
8586 8587 8589 8591 8595 
8595 8615 8617 8634 8637 
8646 8647 8649 8655 8664 
8672 8683 8684 8699 8706 
8707 8711 8714 8714 8717 
8731 8732 8735 8740 8741 
8742 8744 8754 8756 8760 
8768 8773 8777 8777 8780 
8782 8787 8789 8792 8794 
8798 8802 8802 8810 8817 
8824 8832 8834 8837 8843 
8864 8867 8872 8883 8899 
8911 8913 8926 8926 8931 
8939 8940 8947 8950 8954 
8959 8962 8966 8969 8974 
8987 8988 8995 8998 9002 
9022 9023 9025 9033 9033 
9034 9038 9039 9043 9048 
9051 9053 9054 9057 9061 
9061 9069 9080 9087 9113 
9125 9126 9127 9130 9137 
9138 9139 9143 9144 9156 
9167 9174 9186 9190 9208 
9211 9222 9231 9236 9240 
9241 9241 9242 9242 9256 
9258 9259 9259 9265 9273 
9276 9276 9277 9310 9315 
9316 9317 9322 9323 9326 
9326 9328 9348 9360 9363 
9370 9371 9371 9374 9375 
9381 9385 9391 9396 9396 
9405 9418 9419 9419 9420 
9426 9429 9436 9436 9442 
9443 9453 9455 9457 9464 
9467 9467 9467 9470 9472 
9479 9484 9485 9490 9492 
9500 9504 9508 9511 9512 
9543 9549 9550 9550 9558 
9558 9583 9586 9590 9600 
9601 9603 9603 9603 9611 
9614 9620 9628 9631 9634 
9640 9647 9650 9650 9651 
9660 9668 9670 9674 9675 
9683 9685 9691 9698 9704 
9706 9712 9723 9723 9736 
9739 9741 9742 9748 9749 
9753 9754 9755 9762 9762 
9765 9766 9767 9769 9785 
9786 9787 9787 9811 9817 
9821 9827 9834 9836 9840 
9845 9855 9857 9857 9865 
9866 9869 9873 9877 9880 
9881 9883 9888 9888 9889 
9895 9903 9903 9906 9908 
9913 9930 9944 9945 9948 
9950 9952 9953 9964 9965 
9966 9968 9970 9977 9978 
9979 9981 9981 9995 9998 
